
H:CC-PVDZ
cc-pVDZ

  2
    0    1
    2    1
    4    1

1.301000D+01 1.962000D+00 4.446000D-01 1.220000D-01 

1.968500D-02 0.000000D+00 
1.379770D-01 0.000000D+00 
4.781480D-01 0.000000D+00 
5.012400D-01 1.000000D+00 

7.270000D-01 

1.0000000 

C:CC-PVDZ
cc-pVDZ

  3
    0    1    2
    3    2    1
    9    4    1

6.665000D+03 1.000000D+03 2.280000D+02 6.471000D+01 2.106000D+01 
7.495000D+00 2.797000D+00 5.215000D-01 1.596000D-01 

6.920000D-04 -1.460000D-04 0.000000D+00 
5.329000D-03 -1.154000D-03 0.000000D+00 
2.707700D-02 -5.725000D-03 0.000000D+00 
1.017180D-01 -2.331200D-02 0.000000D+00 
2.747400D-01 -6.395500D-02 0.000000D+00 
4.485640D-01 -1.499810D-01 0.000000D+00 
2.850740D-01 -1.272620D-01 0.000000D+00 
1.520400D-02 5.445290D-01 0.000000D+00 
-3.191000D-03 5.804960D-01 1.000000D+00 

9.439000D+00 2.002000D+00 5.456000D-01 1.517000D-01 

3.810900D-02 0.000000D+00 
2.094800D-01 0.000000D+00 
5.085570D-01 0.000000D+00 
4.688420D-01 1.000000D+00 

5.500000D-01 

1.0000000 

H:AUG-CC-PVDZ
aug-cc-pVDZ

  2
    0    1
    3    2
    5    2

1.301000D+01 1.962000D+00 4.446000D-01 1.220000D-01 0.0297400 

1.968500D-02 0.000000D+00 0.00000000 
1.379770D-01 0.000000D+00 0.00000000 
4.781480D-01 0.000000D+00 0.00000000 
5.012400D-01 1.000000D+00 0.00000000 
0.00000000 0.00000000 1.0000000 

7.270000D-01 0.1410000 

1.0000000 0.00000000 
0.00000000 1.0000000 


