
H:cc-pVTZ
cc-pVTZ

  3
    0    1    2
    3    2    1
    5    2    1

3.387000D+01 5.095000D+00 1.159000D+00 3.258000D-01 1.027000D-01 

0.000000D+00 6.068000D-03 0.000000D+00 
0.000000D+00 4.530800D-02 0.000000D+00 
0.000000D+00 2.028220D-01 0.000000D+00 
1.000000D+00 5.039030D-01 0.000000D+00 
0.000000D+00 3.834210D-01 1.000000D+00 

1.407000D+00 3.880000D-01 

1.000000D+00 0.000000D+00 
0.000000D+00 1.000000D+00 

1.057000D+00 

1.0000000 

C:cc-pVTZ
cc-pVTZ

  4
    0    1    2    3
    4    3    2    1
   10    5    2    1

8.236000D+03 1.235000D+03 2.808000D+02 7.927000D+01 2.559000D+01 
8.997000D+00 3.319000D+00 9.059000D-01 3.643000D-01 1.285000D-01 

5.310000D-04 0.000000D+00 -1.130000D-04 0.000000D+00 
4.108000D-03 0.000000D+00 -8.780000D-04 0.000000D+00 
2.108700D-02 0.000000D+00 -4.540000D-03 0.000000D+00 
8.185300D-02 0.000000D+00 -1.813300D-02 0.000000D+00 
2.348170D-01 0.000000D+00 -5.576000D-02 0.000000D+00 
4.344010D-01 0.000000D+00 -1.268950D-01 0.000000D+00 
3.461290D-01 0.000000D+00 -1.703520D-01 0.000000D+00 
3.937800D-02 1.000000D+00 1.403820D-01 0.000000D+00 
-8.983000D-03 0.000000D+00 5.986840D-01 0.000000D+00 
2.385000D-03 0.000000D+00 3.953890D-01 1.000000D+00 

1.871000D+01 4.133000D+00 1.200000D+00 3.827000D-01 1.209000D-01 

0.000000D+00 1.403100D-02 0.000000D+00 
0.000000D+00 8.686600D-02 0.000000D+00 
0.000000D+00 2.902160D-01 0.000000D+00 
1.000000D+00 5.010080D-01 0.000000D+00 
0.000000D+00 3.434060D-01 1.000000D+00 

1.097000D+00 3.180000D-01 

1.000000D+00 0.000000D+00 
0.000000D+00 1.000000D+00 

7.610000D-01 

1.0000000 

H:aug-cc-pVTZ
aug-cc-pVTZ

  3
    0    1    2
    4    3    2
    6    3    2

3.387000D+01 5.095000D+00 1.159000D+00 3.258000D-01 1.027000D-01 
0.0252600 

0.000000D+00 6.068000D-03 0.000000D+00 0.00000000 
0.000000D+00 4.530800D-02 0.000000D+00 0.00000000 
0.000000D+00 2.028220D-01 0.000000D+00 0.00000000 
1.000000D+00 5.039030D-01 0.000000D+00 0.00000000 
0.000000D+00 3.834210D-01 1.000000D+00 0.00000000 
0.00000000 0.00000000 0.00000000 1.0000000 

1.407000D+00 3.880000D-01 0.1020000 

1.000000D+00 0.000000D+00 0.00000000 
0.000000D+00 1.000000D+00 0.00000000 
0.00000000 0.00000000 1.0000000 

1.057000D+00 0.2470000 

1.0000000 0.00000000 
0.00000000 1.0000000 

C:aug-cc-pVTZ
aug-cc-pVTZ

  4
    0    1    2    3
    5    4    3    2
   11    6    3    2

8.236000D+03 1.235000D+03 2.808000D+02 7.927000D+01 2.559000D+01 
8.997000D+00 3.319000D+00 9.059000D-01 3.643000D-01 1.285000D-01 
0.0440200 

5.310000D-04 0.000000D+00 -1.130000D-04 0.000000D+00 0.00000000 
4.108000D-03 0.000000D+00 -8.780000D-04 0.000000D+00 0.00000000 
2.108700D-02 0.000000D+00 -4.540000D-03 0.000000D+00 0.00000000 
8.185300D-02 0.000000D+00 -1.813300D-02 0.000000D+00 0.00000000 
2.348170D-01 0.000000D+00 -5.576000D-02 0.000000D+00 0.00000000 
4.344010D-01 0.000000D+00 -1.268950D-01 0.000000D+00 0.00000000 
3.461290D-01 0.000000D+00 -1.703520D-01 0.000000D+00 0.00000000 
3.937800D-02 1.000000D+00 1.403820D-01 0.000000D+00 0.00000000 
-8.983000D-03 0.000000D+00 5.986840D-01 0.000000D+00 0.00000000 
2.385000D-03 0.000000D+00 3.953890D-01 1.000000D+00 0.00000000 
0.00000000 0.00000000 0.00000000 0.00000000 1.0000000 

1.871000D+01 4.133000D+00 1.200000D+00 3.827000D-01 1.209000D-01 
0.0356900 

0.000000D+00 1.403100D-02 0.000000D+00 0.00000000 
0.000000D+00 8.686600D-02 0.000000D+00 0.00000000 
0.000000D+00 2.902160D-01 0.000000D+00 0.00000000 
1.000000D+00 5.010080D-01 0.000000D+00 0.00000000 
0.000000D+00 3.434060D-01 1.000000D+00 0.00000000 
0.00000000 0.00000000 0.00000000 1.0000000 

1.097000D+00 3.180000D-01 0.1000000 

1.000000D+00 0.000000D+00 0.00000000 
0.000000D+00 1.000000D+00 0.00000000 
0.00000000 0.00000000 1.0000000 

7.610000D-01 0.2680000 

1.0000000 0.00000000 
0.00000000 1.0000000
